start	mean
-21600	0.101193
-21540	0.111071
-21480	0.088571
-21420	0.105852
-21360	0.091937
-21300	0.102334
-21240	0.087669
-21180	0.086056
-21120	0.107228
-21060	0.086017
-21000	0.104121
-20940	0.107875
-20880	0.095794
-20820	0.088907
-20760	0.124133
-20700	0.103843
-20640	0.085125
-20580	0.082088
-20520	0.121284
-20460	0.117545
-20400	0.111236
-20340	0.079063
-20280	0.070566
-20220	0.126756
-20160	0.097166
-20100	0.121201
-20040	0.136088
-19980	0.093182
-19920	0.125095
-19860	0.115354
-19800	0.111536
-19740	0.136576
-19680	0.126032
-19620	0.094749
-19560	0.077817
-19500	0.135546
-19440	0.124786
-19380	0.124955
-19320	0.121935
-19260	0.136286
-19200	0.146327
-19140	0.142214
-19080	0.074284
-19020	0.115234
-18960	0.115561
-18900	0.133958
-18840	0.088171
-18780	0.107678
-18720	0.097812
-18660	0.153737
-18600	0.123091
-18540	0.094910
-18480	0.112364
-18420	0.124293
-18360	0.121374
-18300	0.113536
-18240	0.092295
-18180	0.101708
-18120	0.137464
-18060	0.095957
-18000	0.107466
-17940	0.111555
-17880	0.096950
-17820	0.119104
-17760	0.107904
-17700	0.151063
-17640	0.158576
-17580	0.109196
-17520	0.145649
-17460	0.095840
-17400	0.101499
-17340	0.098845
-17280	0.144201
-17220	0.118657
-17160	0.080824
-17100	0.117087
-17040	0.124603
-16980	0.097124
-16920	0.109129
-16860	0.108262
-16800	0.097644
-16740	0.091914
-16680	0.111172
-16620	0.134665
-16560	0.085710
-16500	0.110244
-16440	0.110232
-16380	0.105459
-16320	0.104798
-16260	0.100637
-16200	0.119425
-16140	0.134470
-16080	0.098870
-16020	0.107920
-15960	0.093825
-15900	0.140132
-15840	0.112177
-15780	0.124405
-15720	0.123468
-15660	0.116405
-15600	0.126178
-15540	0.140983
-15480	0.117931
-15420	0.084805
-15360	0.141288
-15300	0.095176
-15240	0.099025
-15180	0.083033
-15120	0.093270
-15060	0.121931
-15000	0.081932
-14940	0.089002
-14880	0.133378
-14820	0.096453
-14760	0.126083
-14700	0.141044
-14640	0.123142
-14580	0.103016
-14520	0.105071
-14460	0.095786
-14400	0.084761
-14340	0.095352
-14280	0.071757
-14220	0.113594
-14160	0.097702
-14100	0.108028
-14040	0.098468
-13980	0.122248
-13920	0.111590
-13860	0.124442
-13800	0.099143
-13740	0.107451
-13680	0.100908
-13620	0.111163
-13560	0.102669
-13500	0.131576
-13440	0.113719
-13380	0.109449
-13320	0.113353
-13260	0.094699
-13200	0.109245
-13140	0.133648
-13080	0.112226
-13020	0.106912
-12960	0.105514
-12900	0.124288
-12840	0.093323
-12780	0.092205
-12720	0.108159
-12660	0.122374
-12600	0.120942
-12540	0.120581
-12480	0.112517
-12420	0.129950
-12360	0.123177
-12300	0.110628
-12240	0.116488
-12180	0.116485
-12120	0.090589
-12060	0.101153
-12000	0.108034
-11940	0.143137
-11880	0.131942
-11820	0.119587
-11760	0.112474
-11700	0.089396
-11640	0.127311
-11580	0.106864
-11520	0.128407
-11460	0.125236
-11400	0.096554
-11340	0.150518
-11280	0.112994
-11220	0.123347
-11160	0.111702
-11100	0.105878
-11040	0.129850
-10980	0.135069
-10920	0.128455
-10860	0.124874
-10800	0.107231
-10740	0.126263
-10680	0.106829
-10620	0.119574
-10560	0.151367
-10500	0.077973
-10440	0.156055
-10380	0.089124
-10320	0.100777
-10260	0.104281
-10200	0.152121
-10140	0.099302
-10080	0.120404
-10020	0.130770
-9960	0.136588
-9900	0.116326
-9840	0.132518
-9780	0.113101
-9720	0.091902
-9660	0.101693
-9600	0.118935
-9540	0.090374
-9480	0.121882
-9420	0.090232
-9360	0.104520
-9300	0.117160
-9240	0.112442
-9180	0.118629
-9120	0.107350
-9060	0.101734
-9000	0.088655
-8940	0.094569
-8880	0.107765
-8820	0.108777
-8760	0.114053
-8700	0.104265
-8640	0.132854
-8580	0.107719
-8520	0.105910
-8460	0.135800
-8400	0.094852
-8340	0.086883
-8280	0.121304
-8220	0.097255
-8160	0.126994
-8100	0.122220
-8040	0.091500
-7980	0.143594
-7920	0.123840
-7860	0.121684
-7800	0.112866
-7740	0.094929
-7680	0.080710
-7620	0.090920
-7560	0.117834
-7500	0.117384
-7440	0.104376
-7380	0.125437
-7320	0.092994
-7260	0.104678
-7200	0.113845
-7140	0.104302
-7080	0.102652
-7020	0.101366
-6960	0.105179
-6900	0.080530
-6840	0.097885
-6780	0.110019
-6720	0.106576
-6660	0.098299
-6600	0.100051
-6540	0.102194
-6480	0.095204
-6420	0.125580
-6360	0.118340
-6300	0.093998
-6240	0.095747
-6180	0.112555
-6120	0.096437
-6060	0.111388
-6000	0.110578
-5940	0.116003
-5880	0.090354
-5820	0.088391
-5760	0.109940
-5700	0.093621
-5640	0.124373
-5580	0.114846
-5520	0.093013
-5460	0.080525
-5400	0.125535
-5340	0.084895
-5280	0.099240
-5220	0.100761
-5160	0.100130
-5100	0.109847
-5040	0.075297
-4980	0.073927
-4920	0.119159
-4860	0.113315
-4800	0.098400
-4740	0.108412
-4680	0.074042
-4620	0.132487
-4560	0.087612
-4500	0.095276
-4440	0.109266
-4380	0.102102
-4320	0.136285
-4260	0.098838
-4200	0.096194
-4140	0.117442
-4080	0.112194
-4020	0.105019
-3960	0.086786
-3900	0.099480
-3840	0.113762
-3780	0.102998
-3720	0.084613
-3660	0.112268
-3600	0.082149
-3540	0.088807
-3480	0.103057
-3420	0.107591
-3360	0.114177
-3300	0.105882
-3240	0.093489
-3180	0.083861
-3120	0.093985
-3060	0.085899
-3000	0.113367
-2940	0.110920
-2880	0.093275
-2820	0.105510
-2760	0.114746
-2700	0.107645
-2640	0.108206
-2580	0.082820
-2520	0.085652
-2460	0.091678
-2400	0.105391
-2340	0.098272
-2280	0.100137
-2220	0.099899
-2160	0.091745
-2100	0.080912
-2040	0.094493
-1980	0.080687
-1920	0.091714
-1860	0.082716
-1800	0.105887
-1740	0.104063
-1680	0.101859
-1620	0.100348
-1560	0.103662
-1500	0.104130
-1440	0.097074
-1380	0.099908
-1320	0.096987
-1260	0.087489
-1200	0.098436
-1140	0.094823
-1080	0.082453
-1020	0.082719
-960	0.084193
-900	0.080682
-840	0.098994
-780	0.096106
-720	0.102248
-660	0.085468
-600	0.099034
-540	0.082665
-480	0.075072
-420	0.081107
-360	0.075527
-300	0.080533
-240	0.083450
-180	0.083585
-120	0.088912
-60	0.071403
0	0.086382
60	0.100405
120	0.103215
180	0.108515
240	0.092015
300	0.116242
360	0.105845
420	0.113754
480	0.105437
540	0.108392
600	0.117710
660	0.116696
720	0.110139
780	0.103726
840	0.115498
900	0.108108
960	0.113428
1020	0.097240
1080	0.119603
1140	0.107992
1200	0.100462
1260	0.132880
1320	0.113661
1380	0.114114
1440	0.115963
1500	0.122484
1560	0.102184
1620	0.106758
1680	0.111550
1740	0.108315
1800	0.123767
1860	0.119561
1920	0.117716
1980	0.113236
2040	0.097466
2100	0.116797
2160	0.108750
2220	0.106319
2280	0.098740
2340	0.108504
2400	0.115017
2460	0.121028
2520	0.118069
2580	0.124068
2640	0.097964
2700	0.107588
2760	0.128450
2820	0.109911
2880	0.114976
2940	0.127002
3000	0.114992
3060	0.120929
3120	0.107775
3180	0.111005
3240	0.114231
3300	0.120771
3360	0.111836
3420	0.102279
3480	0.112284
3540	0.088035
3600	0.104640
3660	0.110109
3720	0.073322
3780	0.100659
3840	0.124528
3900	0.102824
3960	0.124307
4020	0.113032
4080	0.122266
4140	0.116036
4200	0.117546
4260	0.096270
4320	0.127461
4380	0.109785
4440	0.112941
4500	0.114996
4560	0.121967
4620	0.116679
4680	0.135168
4740	0.110392
4800	0.086764
4860	0.110357
4920	0.088549
4980	0.112981
5040	0.107090
5100	0.106608
5160	0.114001
5220	0.111184
5280	0.101419
5340	0.130026
5400	0.133191
5460	0.113083
5520	0.133353
5580	0.139620
5640	0.114145
5700	0.121130
5760	0.116381
5820	0.112623
5880	0.132653
5940	0.132835
6000	0.118815
6060	0.134359
6120	0.133107
6180	0.133240
6240	0.113671
6300	0.129185
6360	0.130243
6420	0.127491
6480	0.119427
6540	0.128970
6600	0.115848
6660	0.122902
6720	0.100710
6780	0.113392
6840	0.116177
6900	0.144881
6960	0.091433
7020	0.094968
7080	0.101305
7140	0.128333
7200	0.101100
7260	0.093822
7320	0.120579
7380	0.110820
7440	0.110087
7500	0.129622
7560	0.136713
7620	0.103671
7680	0.115853
7740	0.112390
7800	0.114999
7860	0.108112
7920	0.115018
7980	0.110063
8040	0.118455
8100	0.089187
8160	0.089263
8220	0.144571
8280	0.104231
8340	0.124661
8400	0.103902
8460	0.111712
8520	0.106201
8580	0.105158
8640	0.118105
8700	0.127431
8760	0.093998
8820	0.101784
8880	0.116282
8940	0.100990
9000	0.115967
9060	0.123103
9120	0.115482
9180	0.121252
9240	0.116095
9300	0.100152
9360	0.095371
9420	0.101857
9480	0.121267
9540	0.098997
9600	0.087429
9660	0.133786
9720	0.114849
9780	0.079249
9840	0.083372
9900	0.131086
9960	0.144256
10020	0.090726
10080	0.130431
10140	0.115946
10200	0.124944
10260	0.115374
10320	0.095181
10380	0.096865
10440	0.101862
10500	0.077923
10560	0.095050
10620	0.113074
10680	0.125846
10740	0.109263
10800	0.128622
10860	0.113708
10920	0.119344
10980	0.089062
11040	0.113806
11100	0.118765
11160	0.113772
11220	0.115210
11280	0.095176
11340	0.118037
11400	0.077696
11460	0.089154
11520	0.090693
11580	0.114809
11640	0.123226
11700	0.106508
11760	0.128258
11820	0.110685
11880	0.103088
11940	0.113635
12000	0.097110
12060	0.106681
12120	0.125788
12180	0.130967
12240	0.081880
12300	0.124847
12360	0.090521
12420	0.115086
12480	0.135631
12540	0.122550
12600	0.076791
12660	0.103024
12720	0.108955
12780	0.097416
12840	0.128325
12900	0.139756
12960	0.101708
13020	0.090092
13080	0.104458
13140	0.117001
13200	0.099066
13260	0.094146
13320	0.123084
13380	0.132733
13440	0.099386
13500	0.101662
13560	0.138624
13620	0.088307
13680	0.106313
13740	0.122970
13800	0.119161
13860	0.113562
13920	0.100696
13980	0.109601
14040	0.136004
14100	0.094369
14160	0.112978
14220	0.109983
14280	0.124822
14340	0.106463
14400	0.078712
14460	0.134597
14520	0.107515
14580	0.105180
14640	0.092414
14700	0.080492
14760	0.121192
14820	0.120841
14880	0.130907
14940	0.161237
15000	0.125953
15060	0.131111
15120	0.133727
15180	0.099886
15240	0.125219
15300	0.114310
15360	0.075125
15420	0.090580
15480	0.135402
15540	0.137116
15600	0.108718
15660	0.137405
15720	0.130960
15780	0.085756
15840	0.132650
15900	0.141189
15960	0.123276
16020	0.115049
16080	0.093796
16140	0.107885
16200	0.122141
16260	0.120696
16320	0.076746
16380	0.110503
16440	0.123480
16500	0.101371
16560	0.127737
16620	0.101166
16680	0.140299
16740	0.082009
16800	0.092802
16860	0.109667
16920	0.127912
16980	0.141288
17040	0.132100
17100	0.112189
17160	0.100277
17220	0.101879
17280	0.113163
17340	0.116485
17400	0.124368
17460	0.097947
17520	0.130588
17580	0.124359
17640	0.103841
17700	0.115086
17760	0.129563
17820	0.059090
17880	0.071510
17940	0.118503
18000	0.111816
18060	0.120555
18120	0.110560
18180	0.122071
18240	0.103710
18300	0.147311
18360	0.117376
18420	0.127511
18480	0.105288
18540	0.124985
18600	0.087725
18660	0.127916
18720	0.097810
18780	0.105215
18840	0.125413
18900	0.107081
18960	0.144388
19020	0.085661
19080	0.083348
19140	0.079584
19200	0.131200
19260	0.106402
19320	0.127895
19380	0.107385
19440	0.103331
19500	0.135022
19560	0.133763
19620	0.101063
19680	0.108916
19740	0.151754
19800	0.090504
19860	0.117194
19920	0.099418
19980	0.119598
20040	0.122033
20100	0.066475
20160	0.115227
20220	0.093188
20280	0.132570
20340	0.074096
20400	0.095347
20460	0.096062
20520	0.091684
20580	0.119926
20640	0.119397
20700	0.064556
20760	0.112825
20820	0.116073
20880	0.092203
20940	0.101568
21000	0.107342
21060	0.104180
21120	0.091557
21180	0.094072
21240	0.097374
21300	0.161648
21360	0.107433
21420	0.086623
21480	0.160723
21540	0.105278
