start	mean
-21600	0.140262
-21540	0.121454
-21480	0.139024
-21420	0.100239
-21360	0.080275
-21300	0.118797
-21240	0.136697
-21180	0.104138
-21120	0.117895
-21060	0.084142
-21000	0.139317
-20940	0.107841
-20880	0.108188
-20820	0.112140
-20760	0.168975
-20700	0.115323
-20640	0.079416
-20580	0.094659
-20520	0.122626
-20460	0.121754
-20400	0.129913
-20340	0.104450
-20280	0.106963
-20220	0.142162
-20160	0.137698
-20100	0.163998
-20040	0.127384
-19980	0.106649
-19920	0.137920
-19860	0.132034
-19800	0.130304
-19740	0.140809
-19680	0.133246
-19620	0.116092
-19560	0.085003
-19500	0.144834
-19440	0.149911
-19380	0.111346
-19320	0.154823
-19260	0.140624
-19200	0.185388
-19140	0.176257
-19080	0.075711
-19020	0.118599
-18960	0.120756
-18900	0.144432
-18840	0.083315
-18780	0.122392
-18720	0.103654
-18660	0.150611
-18600	0.161703
-18540	0.098487
-18480	0.122824
-18420	0.127438
-18360	0.140174
-18300	0.141364
-18240	0.089917
-18180	0.091598
-18120	0.174480
-18060	0.109821
-18000	0.117138
-17940	0.106954
-17880	0.106981
-17820	0.125043
-17760	0.086985
-17700	0.167313
-17640	0.190856
-17580	0.127952
-17520	0.177715
-17460	0.052085
-17400	0.097216
-17340	0.126610
-17280	0.174900
-17220	0.097879
-17160	0.093997
-17100	0.127025
-17040	0.114862
-16980	0.133682
-16920	0.151616
-16860	0.114457
-16800	0.125362
-16740	0.145383
-16680	0.136380
-16620	0.132400
-16560	0.101433
-16500	0.134031
-16440	0.104704
-16380	0.096968
-16320	0.130839
-16260	0.092514
-16200	0.121323
-16140	0.173579
-16080	0.111414
-16020	0.127132
-15960	0.128810
-15900	0.137175
-15840	0.081892
-15780	0.172292
-15720	0.139045
-15660	0.103247
-15600	0.184827
-15540	0.134333
-15480	0.094785
-15420	0.089599
-15360	0.175016
-15300	0.112805
-15240	0.107979
-15180	0.104471
-15120	0.116613
-15060	0.153944
-15000	0.120938
-14940	0.135948
-14880	0.150200
-14820	0.133088
-14760	0.133850
-14700	0.158069
-14640	0.175911
-14580	0.119397
-14520	0.133950
-14460	0.072459
-14400	0.105004
-14340	0.080397
-14280	0.083642
-14220	0.142290
-14160	0.095468
-14100	0.096820
-14040	0.109516
-13980	0.119058
-13920	0.136992
-13860	0.116533
-13800	0.121099
-13740	0.126660
-13680	0.155667
-13620	0.128008
-13560	0.156463
-13500	0.158976
-13440	0.107404
-13380	0.122798
-13320	0.148884
-13260	0.136454
-13200	0.118728
-13140	0.130528
-13080	0.123693
-13020	0.082668
-12960	0.145612
-12900	0.136882
-12840	0.113248
-12780	0.087495
-12720	0.125652
-12660	0.148894
-12600	0.132494
-12540	0.136015
-12480	0.143503
-12420	0.153973
-12360	0.103539
-12300	0.148778
-12240	0.123296
-12180	0.132009
-12120	0.098483
-12060	0.104690
-12000	0.143521
-11940	0.169777
-11880	0.148130
-11820	0.149544
-11760	0.094064
-11700	0.089395
-11640	0.149185
-11580	0.109691
-11520	0.118276
-11460	0.148104
-11400	0.109289
-11340	0.186023
-11280	0.137697
-11220	0.134937
-11160	0.135871
-11100	0.117405
-11040	0.156665
-10980	0.154125
-10920	0.148536
-10860	0.144341
-10800	0.121140
-10740	0.130553
-10680	0.097436
-10620	0.126822
-10560	0.185072
-10500	0.055283
-10440	0.190534
-10380	0.103787
-10320	0.125663
-10260	0.111858
-10200	0.178216
-10140	0.122761
-10080	0.131588
-10020	0.103752
-9960	0.148804
-9900	0.135058
-9840	0.157857
-9780	0.117387
-9720	0.112197
-9660	0.089670
-9600	0.133754
-9540	0.119254
-9480	0.136383
-9420	0.109310
-9360	0.116696
-9300	0.134119
-9240	0.109466
-9180	0.152681
-9120	0.103104
-9060	0.121390
-9000	0.111592
-8940	0.109757
-8880	0.087656
-8820	0.137121
-8760	0.122487
-8700	0.123795
-8640	0.151210
-8580	0.121084
-8520	0.125699
-8460	0.133765
-8400	0.100472
-8340	0.087217
-8280	0.136900
-8220	0.106578
-8160	0.128297
-8100	0.133943
-8040	0.108699
-7980	0.140325
-7920	0.155981
-7860	0.119861
-7800	0.148064
-7740	0.099888
-7680	0.083155
-7620	0.079778
-7560	0.132416
-7500	0.101418
-7440	0.101089
-7380	0.132881
-7320	0.095226
-7260	0.106140
-7200	0.129437
-7140	0.118787
-7080	0.127303
-7020	0.110066
-6960	0.130407
-6900	0.099188
-6840	0.116535
-6780	0.146647
-6720	0.128473
-6660	0.089715
-6600	0.128200
-6540	0.129062
-6480	0.118683
-6420	0.113034
-6360	0.152062
-6300	0.107061
-6240	0.113853
-6180	0.120213
-6120	0.089655
-6060	0.141238
-6000	0.129502
-5940	0.136713
-5880	0.070838
-5820	0.095783
-5760	0.151459
-5700	0.118827
-5640	0.142263
-5580	0.138832
-5520	0.102086
-5460	0.089773
-5400	0.150935
-5340	0.081439
-5280	0.119368
-5220	0.089334
-5160	0.112250
-5100	0.120614
-5040	0.091272
-4980	0.091632
-4920	0.143792
-4860	0.105155
-4800	0.104919
-4740	0.145503
-4680	0.085849
-4620	0.141921
-4560	0.100190
-4500	0.120985
-4440	0.139891
-4380	0.124375
-4320	0.168408
-4260	0.120858
-4200	0.113221
-4140	0.152596
-4080	0.112111
-4020	0.115315
-3960	0.112822
-3900	0.128058
-3840	0.144478
-3780	0.149915
-3720	0.094635
-3660	0.131813
-3600	0.106149
-3540	0.092241
-3480	0.135097
-3420	0.127153
-3360	0.119629
-3300	0.127899
-3240	0.134604
-3180	0.095034
-3120	0.098071
-3060	0.087322
-3000	0.138988
-2940	0.120858
-2880	0.109059
-2820	0.126270
-2760	0.129923
-2700	0.111662
-2640	0.114472
-2580	0.086441
-2520	0.085346
-2460	0.099851
-2400	0.107621
-2340	0.116180
-2280	0.117068
-2220	0.124565
-2160	0.109581
-2100	0.097427
-2040	0.104856
-1980	0.094472
-1920	0.094024
-1860	0.090305
-1800	0.125005
-1740	0.112986
-1680	0.115986
-1620	0.105049
-1560	0.133018
-1500	0.119717
-1440	0.120554
-1380	0.110507
-1320	0.104391
-1260	0.079438
-1200	0.108986
-1140	0.111754
-1080	0.106648
-1020	0.089418
-960	0.088173
-900	0.078295
-840	0.106126
-780	0.108336
-720	0.108257
-660	0.100258
-600	0.123726
-540	0.104250
-480	0.075220
-420	0.093338
-360	0.087103
-300	0.095551
-240	0.100920
-180	0.091253
-120	0.092317
-60	0.073826
0	0.093327
60	0.122210
120	0.121123
180	0.127669
240	0.117089
300	0.139964
360	0.126255
420	0.145750
480	0.116681
540	0.126446
600	0.131551
660	0.145667
720	0.122037
780	0.119305
840	0.124729
900	0.144950
960	0.135263
1020	0.111849
1080	0.148485
1140	0.124654
1200	0.123634
1260	0.157186
1320	0.128552
1380	0.126244
1440	0.122430
1500	0.143130
1560	0.120974
1620	0.111263
1680	0.120634
1740	0.140457
1800	0.127088
1860	0.152333
1920	0.141196
1980	0.116392
2040	0.126218
2100	0.117648
2160	0.097858
2220	0.114726
2280	0.119065
2340	0.132479
2400	0.121528
2460	0.139648
2520	0.141025
2580	0.133861
2640	0.121696
2700	0.143160
2760	0.158488
2820	0.126253
2880	0.127700
2940	0.168195
3000	0.122917
3060	0.165320
3120	0.126818
3180	0.140582
3240	0.147620
3300	0.154486
3360	0.125542
3420	0.111169
3480	0.128799
3540	0.117951
3600	0.098381
3660	0.124252
3720	0.087350
3780	0.121335
3840	0.130228
3900	0.133293
3960	0.149224
4020	0.126842
4080	0.161122
4140	0.139120
4200	0.133887
4260	0.095214
4320	0.163786
4380	0.138655
4440	0.138778
4500	0.124586
4560	0.156643
4620	0.133156
4680	0.175138
4740	0.117252
4800	0.095814
4860	0.134123
4920	0.093489
4980	0.124102
5040	0.118856
5100	0.123801
5160	0.133056
5220	0.123971
5280	0.100020
5340	0.162012
5400	0.134378
5460	0.129139
5520	0.159922
5580	0.152994
5640	0.126784
5700	0.141008
5760	0.132755
5820	0.147837
5880	0.125586
5940	0.154250
6000	0.137824
6060	0.156416
6120	0.151639
6180	0.142717
6240	0.128157
6300	0.131347
6360	0.152783
6420	0.136070
6480	0.145830
6540	0.146104
6600	0.118145
6660	0.142604
6720	0.116018
6780	0.126636
6840	0.138234
6900	0.184494
6960	0.107049
7020	0.122053
7080	0.129473
7140	0.150140
7200	0.121716
7260	0.110731
7320	0.127313
7380	0.130434
7440	0.127180
7500	0.116997
7560	0.156757
7620	0.132981
7680	0.123288
7740	0.134564
7800	0.155931
7860	0.119613
7920	0.138754
7980	0.098750
8040	0.110189
8100	0.121438
8160	0.107746
8220	0.180150
8280	0.122945
8340	0.150011
8400	0.132203
8460	0.145418
8520	0.112384
8580	0.118200
8640	0.171329
8700	0.154164
8760	0.119302
8820	0.117903
8880	0.139195
8940	0.101749
9000	0.139198
9060	0.147048
9120	0.123596
9180	0.145018
9240	0.133468
9300	0.097882
9360	0.112346
9420	0.132604
9480	0.141323
9540	0.129133
9600	0.129476
9660	0.148745
9720	0.116470
9780	0.084476
9840	0.096429
9900	0.142117
9960	0.145018
10020	0.126427
10080	0.153812
10140	0.157431
10200	0.132198
10260	0.116288
10320	0.114118
10380	0.092160
10440	0.099867
10500	0.095613
10560	0.089729
10620	0.116862
10680	0.142490
10740	0.112036
10800	0.116860
10860	0.149234
10920	0.139044
10980	0.105373
11040	0.116482
11100	0.163906
11160	0.125789
11220	0.125389
11280	0.168990
11340	0.143515
11400	0.087939
11460	0.095785
11520	0.094908
11580	0.133563
11640	0.148119
11700	0.135728
11760	0.149652
11820	0.098428
11880	0.137792
11940	0.134353
12000	0.119896
12060	0.122150
12120	0.148136
12180	0.144179
12240	0.083239
12300	0.159359
12360	0.113521
12420	0.156102
12480	0.152898
12540	0.123987
12600	0.061352
12660	0.094879
12720	0.115822
12780	0.099190
12840	0.156884
12900	0.174845
12960	0.094521
13020	0.115228
13080	0.069186
13140	0.129394
13200	0.098289
13260	0.106816
13320	0.165637
13380	0.171034
13440	0.130222
13500	0.107980
13560	0.184850
13620	0.101423
13680	0.141849
13740	0.144264
13800	0.159904
13860	0.130646
13920	0.125430
13980	0.096312
14040	0.164816
14100	0.126940
14160	0.154118
14220	0.133929
14280	0.118062
14340	0.120000
14400	0.102811
14460	0.147402
14520	0.126757
14580	0.131304
14640	0.136289
14700	0.100373
14760	0.149459
14820	0.163392
14880	0.186771
14940	0.193048
15000	0.176799
15060	0.135585
15120	0.139895
15180	0.111447
15240	0.169133
15300	0.141930
15360	0.084766
15420	0.085380
15480	0.151259
15540	0.157218
15600	0.136389
15660	0.173824
15720	0.129399
15780	0.115573
15840	0.150715
15900	0.147179
15960	0.122120
16020	0.122444
16080	0.086915
16140	0.125062
16200	0.143888
16260	0.134356
16320	0.092439
16380	0.135330
16440	0.164625
16500	0.131509
16560	0.151193
16620	0.124366
16680	0.130183
16740	0.077216
16800	0.114007
16860	0.131316
16920	0.112210
16980	0.156103
17040	0.159637
17100	0.114606
17160	0.121051
17220	0.118888
17280	0.149675
17340	0.129348
17400	0.145406
17460	0.090564
17520	0.162571
17580	0.130506
17640	0.146370
17700	0.140689
17760	0.103073
17820	0.068515
17880	0.107439
17940	0.114372
18000	0.132598
18060	0.126600
18120	0.106893
18180	0.150662
18240	0.070893
18300	0.178861
18360	0.147848
18420	0.152600
18480	0.106979
18540	0.155104
18600	0.088839
18660	0.181206
18720	0.106230
18780	0.112773
18840	0.135417
18900	0.142237
18960	0.188334
19020	0.096049
19080	0.090775
19140	0.073891
19200	0.171918
19260	0.129235
19320	0.148772
19380	0.134349
19440	0.118363
19500	0.157596
19560	0.180217
19620	0.124953
19680	0.105713
19740	0.174217
19800	0.108907
19860	0.129177
19920	0.108462
19980	0.149003
20040	0.132435
20100	0.069383
20160	0.118430
20220	0.111327
20280	0.122155
20340	0.059656
20400	0.056344
20460	0.108742
20520	0.119166
20580	0.147689
20640	0.145200
20700	0.078447
20760	0.103014
20820	0.113769
20880	0.110355
20940	0.096078
21000	0.122755
21060	0.112106
21120	0.085404
21180	0.126296
21240	0.076737
21300	0.179117
21360	0.095148
21420	0.100714
21480	0.206579
21540	0.139196
